0 0.15236363636363637 0.6622327790973872 0.14548484848484847 0.1861520190023753
0 0.2693939393939394 0.5885985748218527 0.14187878787878785 0.18239904988123515
0 0.38240909090909087 0.5017102137767221 0.15460606060606058 0.1604513064133017
0 0.6230454545454546 0.6619952494061757 0.15201515151515158 0.24439429928741088
0 0.6802424242424242 0.5017339667458433 0.15310606060606052 0.1362470308788599
0 0.796681818181818 0.43674584323040383 0.07227272727272734 0.16555819477434677
0 0.8851969696969697 0.3815439429928741 0.17086363636363633 0.24798099762470308
0 0.052227272727272726 0.19990498812351543 0.06821212121212122 0.22562945368171022
0 0.11921212121212123 0.19432304038004752 0.06848484848484848 0.19209026128266035
0 0.17224242424242425 0.19570071258907362 0.04440909090909091 0.1613301662707838
0 0.23253030303030303 0.21363420427553442 0.07231818181818185 0.1776484560570072
0 0.31243939393939396 0.23532066508313537 0.07169696969696969 0.20700712589073633
0 0.3878787878787879 0.25045130641330166 0.17978787878787875 0.20097387173396677
0 0.4410454545454545 0.39019002375296913 0.22551515151515156 0.15261282660332542