0 0.63925 0.1798611111111111 0.088875 0.1986111111111111
0 0.742359375 0.1840277777777778 0.10447656250000001 0.1625
0 0.8361171875 0.2569444444444444 0.09083593749999999 0.18333333333333332
0 0.474828125 0.3173611111111111 0.06653125000000007 0.48194444444444445
0 0.41505468749999996 0.3347222222222222 0.19360937499999994 0.49722222222222223
0 0.5435625 0.37222222222222223 0.08186718749999997 0.3194444444444444
0 0.824359375 0.4791666666666667 0.3512812499999999 0.25833333333333336
0 0.704875 0.05277777777777778 0.07049218750000001 0.10555555555555556
0 0.8431328125 0.6048611111111111 0.14507031250000005 0.24305555555555555
0 0.6958828125000001 0.71875 0.134953125 0.21805555555555556
0 0.93178125 0.8041666666666667 0.1364374999999999 0.35555555555555557