0 0.6390625 0.1798611111111111 0.0890625 0.1986111111111111
0 0.7421875 0.1840277777777778 0.1046875 0.1625
0 0.8359375 0.2569444444444444 0.090625 0.18333333333333332
0 0.475 0.3173611111111111 0.06640625 0.48194444444444445
0 0.415234375 0.3347222222222222 0.19375 0.49722222222222223
0 0.54375 0.37222222222222223 0.08203125 0.3194444444444444
0 0.82421875 0.4791666666666667 0.3515625 0.25833333333333336
0 0.7046875 0.05277777777777778 0.0703125 0.10555555555555556
0 0.84296875 0.6048611111111111 0.1453125 0.24305555555555555
0 0.695703125 0.71875 0.13515625 0.21805555555555556
0 0.931640625 0.8041666666666667 0.13671875 0.35555555555555557