0 0.068359375 0.17708333333333334 0.13671875 0.16805555555555557
0 0.1515625 0.2791666666666667 0.11171875 0.24166666666666667
0 0.274609375 0.3138888888888889 0.2 0.35555555555555557
0 0.498046875 0.47708333333333336 0.259375 0.4986111111111111
0 0.650390625 0.5138888888888888 0.20703125 0.5444444444444444
0 0.1390625 0.6256944444444444 0.20078125 0.42916666666666664
0 0.726953125 0.07152777777777777 0.54609375 0.14305555555555555
0 0.26484375 0.71875 0.27734375 0.25416666666666665
0 0.219140625 0.8708333333333333 0.29375 0.25833333333333336
0 0.575390625 0.8847222222222222 0.0734375 0.11944444444444445
0 0.828515625 0.9006944444444445 0.22421875 0.1986111111111111
0 0.24453125 0.9340277777777778 0.47265625 0.13194444444444445
0 0.3828125 0.12361111111111112 0.16796875 0.18333333333333332