0 0.068359375 0.17708333333333334 0.13671875 0.16805555555555557
0 0.1514140625 0.2791666666666667 0.11164843749999998 0.24166666666666667
0 0.27444531250000004 0.3138888888888889 0.19989062500000002 0.35555555555555557
0 0.4978515625 0.47708333333333336 0.259203125 0.4986111111111111
0 0.6505703125 0.5138888888888888 0.206828125 0.5444444444444444
0 0.1389140625 0.6256944444444444 0.20070312499999998 0.42916666666666664
0 0.72709375 0.07152777777777777 0.5458125 0.14305555555555555
0 0.26471093749999997 0.71875 0.27739843750000004 0.25416666666666665
0 0.21900781249999998 0.8708333333333333 0.29378906250000003 0.25833333333333336
0 0.575203125 0.8847222222222222 0.07358593750000005 0.11944444444444445
0 0.8286718750000001 0.9006944444444445 0.22397656250000003 0.1986111111111111
0 0.24440625000000002 0.9340277777777778 0.4726796875 0.13194444444444445
0 0.3826328125 0.12361111111111112 0.16783593749999998 0.18333333333333332