0 0.21953125 0.225 0.1796875 0.45
0 0.06484375 0.275 0.1296875 0.19166666666666668
0 0.51484375 0.3229166666666667 0.384375 0.5597222222222222
0 0.088671875 0.41180555555555554 0.17734375 0.5069444444444444
0 0.60703125 0.4534722222222222 0.375 0.2263888888888889
0 0.4078125 0.05763888888888889 0.1234375 0.11527777777777778
0 0.10703125 0.06180555555555556 0.2140625 0.12361111111111112
0 0.15859375 0.8277777777777777 0.3171875 0.3333333333333333
0 0.69765625 0.08541666666666667 0.2484375 0.17083333333333334
0 0.64765625 0.8736111111111111 0.6203125 0.19722222222222222
0 0.2171875 0.8902777777777777 0.3609375 0.19444444444444445