0 0.92109375 0.16597222222222222 0.1453125 0.09583333333333334
0 0.750390625 0.16944444444444445 0.26171875 0.19444444444444445
0 0.896875 0.25069444444444444 0.165625 0.13472222222222222
0 0.523828125 0.275 0.24609375 0.5305555555555556
0 0.746875 0.2965277777777778 0.13125 0.1736111111111111
0 0.503515625 0.36666666666666664 0.19296875 0.475
0 0.771875 0.3972222222222222 0.2984375 0.24166666666666667
0 0.8265625 0.5645833333333333 0.096875 0.2986111111111111
0 0.486328125 0.6944444444444444 0.13515625 0.3277777777777778
0 0.821875 0.7708333333333334 0.1140625 0.11944444444444445
0 0.5515625 0.7951388888888888 0.26875 0.35694444444444445
0 0.73046875 0.8118055555555556 0.0875 0.1486111111111111
0 0.77890625 0.9027777777777778 0.128125 0.19444444444444445