0 0.36171875 0.14097222222222222 0.121875 0.28194444444444444
0 0.676953125 0.2111111111111111 0.23671875 0.34444444444444444
0 0.858203125 0.21180555555555555 0.28359375 0.29583333333333334
0 0.393359375 0.21666666666666667 0.09609375 0.43333333333333335
0 0.478125 0.4701388888888889 0.30625 0.20694444444444443
0 0.637109375 0.04791666666666667 0.14296875 0.09583333333333334
0 0.311328125 0.4965277777777778 0.10390625 0.37916666666666665
0 0.8546875 0.05763888888888889 0.2078125 0.11527777777777778
0 0.87109375 0.6208333333333333 0.2078125 0.34444444444444444
0 0.41484375 0.6763888888888889 0.0875 0.23333333333333334
0 0.676953125 0.8270833333333333 0.44140625 0.3458333333333333