0 0.30078125 0.18472222222222223 0.15078125 0.2222222222222222
0 0.7046875 0.25 0.10859375 0.23333333333333334
0 0.37421875 0.2986111111111111 0.12734375 0.17777777777777778
0 0.429296875 0.38055555555555554 0.1265625 0.17777777777777778
0 0.3640625 0.4965277777777778 0.15859375 0.2875
0 0.533203125 0.7715277777777778 0.209375 0.4236111111111111
0 0.689453125 0.7763888888888889 0.2625 0.44722222222222224
0 0.351953125 0.8354166666666667 0.0671875 0.0763888888888889
0 0.855859375 0.8493055555555555 0.11015625 0.3013888888888889
0 0.34296875 0.8756944444444444 0.09453125 0.0875
0 0.643359375 0.9034722222222222 0.0859375 0.18472222222222223