0 0.18515625 0.33958333333333335 0.059375 0.11805555555555555
0 0.124609375 0.3993055555555556 0.06171875 0.25416666666666665
0 0.608984375 0.5354166666666667 0.03984375 0.27361111111111114
0 0.076171875 0.5590277777777778 0.07421875 0.12361111111111112
0 0.732421875 0.5736111111111111 0.05078125 0.10277777777777777
0 0.6515625 0.6652777777777777 0.134375 0.3611111111111111
0 0.8859375 0.6777777777777778 0.08125 0.19722222222222222
0 0.68125 0.69375 0.0984375 0.1375
0 0.79375 0.6958333333333333 0.065625 0.125
0 0.839453125 0.7013888888888888 0.13203125 0.20277777777777778
0 0.7484375 0.8472222222222222 0.3046875 0.18333333333333332
0 0.93125 0.8805555555555555 0.075 0.20555555555555555
0 0.79296875 0.9479166666666666 0.1171875 0.10416666666666667
0 0.716796875 0.9701388888888889 0.05859375 0.059722222222222225