0 0.3006328125 0.18472222222222223 0.15085937500000002 0.2222222222222222
0 0.7044921875 0.25 0.10877343750000001 0.23333333333333334
0 0.3740625 0.2986111111111111 0.1274375 0.17777777777777778
0 0.42913281249999996 0.38055555555555554 0.12667187499999993 0.17777777777777778
0 0.36389062499999997 0.4965277777777778 0.15846875 0.2875
0 0.5330078125 0.7715277777777778 0.209203125 0.4236111111111111
0 0.689265625 0.7763888888888889 0.2626562499999999 0.44722222222222224
0 0.3517890625 0.8354166666666667 0.06707812500000002 0.0763888888888889
0 0.85603125 0.8493055555555555 0.11036718749999999 0.3013888888888889
0 0.34280468750000004 0.8756944444444444 0.09441406250000002 0.0875
0 0.6431640625 0.9034722222222222 0.08610156250000003 0.18472222222222223