0 0.60546875 0.3840277777777778 0.0765625 0.0763888888888889
0 0.821484375 0.4666666666666667 0.05390625 0.09722222222222222
0 0.51796875 0.49375 0.04375 0.0875
0 0.219921875 0.5104166666666666 0.03359375 0.06805555555555555
0 0.54765625 0.5131944444444444 0.028125 0.059722222222222225
0 0.1625 0.5145833333333333 0.0328125 0.06805555555555555
0 0.283984375 0.5284722222222222 0.10078125 0.07083333333333333
0 0.697265625 0.5458333333333333 0.03359375 0.09166666666666666
0 0.5671875 0.5645833333333333 0.025 0.07083333333333333
0 0.584375 0.5840277777777778 0.021875 0.07361111111111111
0 0.719140625 0.5847222222222223 0.04609375 0.09722222222222222
0 0.171875 0.5902777777777778 0.0484375 0.07777777777777778
0 0.2890625 0.6013888888888889 0.0921875 0.13055555555555556
0 0.5125 0.61875 0.059375 0.09861111111111111
0 0.9703125 0.6229166666666667 0.059375 0.10416666666666667
0 0.196484375 0.63125 0.11796875 0.11527777777777778
0 0.77109375 0.65625 0.0453125 0.10694444444444444