0 0.10078125 0.21180555555555555 0.11875 0.2625
0 0.2234375 0.24513888888888888 0.21875 0.37916666666666665
0 0.543359375 0.034722222222222224 0.23046875 0.06944444444444445
0 0.4546875 0.42777777777777776 0.2625 0.5361111111111111
0 0.6109375 0.4465277777777778 0.20625 0.5875
0 0.099609375 0.5520833333333334 0.19921875 0.4013888888888889
0 0.2203125 0.6611111111111111 0.2859375 0.2611111111111111
0 0.339453125 0.07222222222222222 0.17421875 0.14444444444444443
0 0.84453125 0.7875 0.3109375 0.425
0 0.173046875 0.8118055555555556 0.30078125 0.2652777777777778
0 0.21875 0.9083333333333333 0.4375 0.18333333333333332
0 0.05 0.11666666666666667 0.1 0.14444444444444443