0 0.3515625 0.19722222222222222 0.165625 0.39444444444444443
0 0.265234375 0.21736111111111112 0.13828125 0.43472222222222223
0 0.320703125 0.48333333333333334 0.11171875 0.22777777777777777
0 0.462109375 0.5270833333333333 0.14609375 0.2125
0 0.764453125 0.5270833333333333 0.17109375 0.19305555555555556
0 0.6296875 0.6354166666666666 0.215625 0.44305555555555554
0 0.38359375 0.6534722222222222 0.1515625 0.2263888888888889
0 0.50625 0.6722222222222223 0.1359375 0.15833333333333333
0 0.34296875 0.6798611111111111 0.4078125 0.4875
0 0.262109375 0.7541666666666667 0.07578125 0.17777777777777778
0 0.48125 0.8145833333333333 0.2765625 0.14027777777777778